2 62557321
2 54418392
2 48731052
2 39798898
2 36318834
2 34260666
2 32799158
2 31664858
2 30574452
2 30490092
4 32812604
4 32678400
4 32722952
4 32791228
4 32760304
4 32705156
4 32705956
4 32820332
4 32694104
4 32661192
8 33872364
8 33609180
8 34191620
8 33872968
8 33632808
8 34245392
8 34134936
8 33714300
8 33769300
8 33730276
16 34213744
16 34283896
16 34107768
16 34179164
16 34424572
16 34047328
16 34557708
16 34252328
16 34355112
16 34094648
32 34331256
32 34526008
32 33983800
32 34397928
32 34451568
32 34207400
32 34486060
32 34299360
32 33998968
32 34425760
64 35067860
64 34742872
64 35103324
64 35208308
64 35133656
64 34848012
64 34941952
64 35201184
64 35040280
64 34872504
128 36405844
128 36550884
128 36635712
128 36528208
128 36708884
128 36603684
128 36712316
128 36516780
128 36603304
128 36519196
256 39885800
256 40218768
256 40408908
256 40162988
256 40302988
256 40244280
256 40460176
256 40028096
256 40083584
256 40078308
512 48949532
512 48960528
512 48662492
512 49170684
512 48796204
512 48626296
512 48758404
512 48899388
512 48334692
512 48865376
1024 69640904
1024 69536032
1024 69410552
1024 69485924
1024 69709512
1024 69661820
1024 69689168
1024 69706676
1024 69977904
1024 69825108
2048 108035772
2048 108080168
2048 107692836
2048 108419332
2048 108043996
2048 107843364
2048 107679712
2048 108029372
2048 108365168
2048 108055584
4096 137448328
4096 137524556
4096 137236956
4096 137299176
4096 137345148
4096 137195264
4096 136937036
4096 137366008
4096 137685356
4096 137217312
8192 146175084
8192 146207360
8192 146257232
8192 146076212
8192 146201324
8192 146037624
8192 146314780
8192 146492484
8192 146185444
8192 146307780
16384 147411040
16384 147055380
16384 146943988
16384 147116452
16384 146949060
16384 147135292
16384 147099508
16384 147145196
16384 147073464
16384 147250820
32768 145825080
32768 146298688
32768 146017756
32768 146230992
32768 146501628
32768 146290424
32768 146165912
32768 146366632
32768 146247232
32768 146662628
